cell	Gene_1	Gene_2	Gene_3	Gene_4	Gene_5	Gene_6	Gene_7	Gene_8	Gene_9	Gene_10
Cell_1	2.91213881818112	4.28885604010429	3.5776437127497	0.264310628524981	1.26836835616268	2.18928493571002	3.95669674256351	0.953353736666031	2.47139654774219	0.676966296741739
Cell_2	3.25116724928375	1.20126401633024	1.07858410826884	3.2768330007093	4.71445345156826	0.664348429767415	4.54486885340884	3.6180644655833	1.41215382399969	1.2696714499034
Cell_3	1.28056071070023	1.15602655988187	1.61183981969953	2.83300095272716	1.05307285743766	4.87622095609549	0.711268640356138	1.8403849308379	4.20266226760577	4.95034775708336
Cell_4	2.42858772282489	2.38527129846625	0.843372641596943	3.49760013574269	4.37134603061713	2.87322451337241	2.85417781840079	2.59606296592392	4.98580512101762	1.14734041993506
Cell_5	3.73759903991595	1.94569750584196	4.42832663992886	2.88699244998861	2.98403923935257	1.60692200495396	3.66082306276076	0.898369053495117	4.95140712149441	1.67229007952847
Cell_6	5.08635515661445	2.10689709999133	2.22684144985396	2.40007501014043	0.929938346263953	4.44456532725599	4.02996748476289	5.06686348328367	3.97134031017777	0.698151729418896
Cell_7	0.653277234756388	2.6617393681081	3.59851367736701	2.69364802690689	0.147226160857826	4.80145297059789	0.301793465157971	1.49187031178735	0.505954996682703	5.26656244473998
Cell_8	4.61259820160922	5.04667416517623	4.10279630147852	1.59983980143443	0.694135135272518	0.0506157892523333	3.84529076016042	3.68913334829267	4.11827975942288	0.346561567625031
Cell_9	4.13293394295033	1.87483486894052	1.59535519534256	2.60794870881364	2.04880306962878	0.766478296369314	4.26975583401509	2.56493625044823	5.00618238945026	2.11545044626109
Cell_10	0.352939895121381	0.976472706184722	1.18117261049338	4.4695030831499	0.434115124633536	1.11162047157995	2.2069956890773	1.61213843035512	4.67148304707371	4.84521393023897
Cell_11	1.4721329472959	0.812970432103612	1.1850767028518	0.243978423299268	5.11899170465767	1.79550139408093	5.11530113557819	5.32721270376351	2.59013215615414	2.53837720386218
Cell_12	4.16314492514357	0.483367258217186	1.27381205046549	4.45132800843567	1.9161563339876	5.15441270940937	5.18114446115214	3.07801497308537	4.52417185902596	2.6109777361853
Cell_13	4.8799903979525	2.44178977620322	2.65911633346695	4.19366157776676	4.69067776936572	0.248671964392997	5.23010125209112	1.58291414286941	2.29857448791154	5.11171775008552
Cell_14	4.35765988391358	1.50626482546795	2.11854989337735	3.99678416212555	0.424195550032891	5.35433253180236	4.95587031007744	4.03078634175472	1.46655305812601	3.3971276411321
Cell_15	4.60719174752012	1.86815947771538	1.03796257253271	4.51789033226669	0.224516973947175	2.98109352320898	2.08106920297723	4.70883375464473	5.31678916269448	2.87833433400374
Cell_16	3.81660094740801	3.01933566015214	3.99833890167065	2.75627693848219	3.14882788166869	1.48936307767872	0.488618548377417	1.97385727462824	2.88398270285688	1.32627191988286
Cell_17	2.64206060115248	2.79055413044989	3.73746800061781	2.92765436205082	3.33507870032918	4.35182739747688	2.66350872581825	1.44141114118975	0.586106309201568	0.380833849892952
Cell_18	4.21033247874584	0.746697853552178	1.78443037963007	4.64418979675975	0.927846131613478	5.03204590291716	4.91452245251276	4.73222288826946	2.75971331598703	1.38147679169197
Cell_19	4.555020888336	3.4894594270736	5.14465832558926	3.72010884655174	0.25976887322031	3.44939114176668	3.77443830505945	2.84515787905548	3.2360098650679	0.834484723745845
Cell_20	0.982321759336628	3.03025555727072	3.90918777906336	4.83987548586447	0.483321531675756	0.69457792385947	2.53308793203905	0.656912202830426	0.955479084746912	4.79439052881207
Cell_21	0.163104363018647	5.1130707206903	3.54031239298638	4.87130111677106	2.65039905009326	2.97529983287677	5.2736495861318	3.80995223426726	4.64905726595316	1.99085499974899
Cell_22	5.3775924637448	3.35043287847657	1.32042810553685	0.495393843157217	3.94504787924234	2.27749371994287	0.158949918230064	0.5777242325712	4.75307251233608	3.78378781408537
Cell_23	1.46272285329178	4.19818248925731	3.3981971758185	3.22272992366925	2.66657597431913	4.59852907015011	1.39560081344098	1.17083150474355	4.1476395643549	0.478180512553081
Cell_24	3.71270276419818	2.11635085369926	0.529165925108828	3.78643344435841	0.385170814115554	4.06885874317959	0.838489421410486	0.607686780625954	0.990803637076169	3.80588559422176
Cell_25	0.570201705559157	1.43345642997883	2.82910863903817	3.32753373647574	1.33457296341658	1.38231083366554	0.454130521044135	2.77376922429539	4.4404170291964	1.00813869852573
Cell_26	0.141349339857697	2.63495248660911	1.7267948850058	2.93327664828394	1.11336922750343	1.45808103692252	4.50620232836809	2.33729675866198	5.43294491851702	3.20980309904553
Cell_27	3.61676489596721	4.59179982845671	1.54820879665203	1.6989823654294	4.80970941320993	3.74700153630693	4.35164408921264	1.38682882802095	1.58145380299538	2.51176909229252
Cell_28	4.25472212966997	1.90665368945338	5.21016066393349	0.0168942052405328	3.06691000820138	4.68868624710012	4.17861509718932	4.33429029688705	4.03135405876674	2.36456987075508
Cell_29	0.0617518783546984	5.26895560452249	2.71780998492613	0.599474941496737	5.43119095580187	0.518074987572618	4.42819535348099	3.98481839522719	3.52745775913354	1.84508088580333
Cell_30	5.34889213752467	1.1270032627508	2.75971910159569	3.81365361902863	0.904987481189892	2.81426542438567	0.538005760172382	1.57962485658936	3.81173836742528	3.36764279764611
Cell_31	2.72207687515765	1.95688630186487	3.79324899765197	0.599691444658674	3.09117510961369	4.04231344349682	3.44968083198182	3.69481877423823	2.03292621462606	2.17081798485015
Cell_32	3.25060522055719	0.485088570276275	0.124836325296201	0.0561281041009352	1.44957217248157	4.15030559024308	2.2998088048771	5.35937559127342	0.175415939767845	4.2466940137092
Cell_33	3.50904028047808	0.957551962812431	1.05217025126331	2.06219699827489	4.37582684238441	4.86557587923016	0.568327539716847	2.35139843448997	0.234601088799536	0.300423054490238
Cell_34	3.55419415037613	0.930550273624249	2.99941768939607	1.35021182219498	2.13996889151167	0.174425230477937	2.86341117729899	1.6271424011793	4.28103038202971	4.40326062741224
Cell_35	0.127770991413854	2.98882307077292	5.23596229136456	0.404961688444018	4.91986568749417	2.27106181217823	4.26765758916736	5.14913177920971	1.68710903252941	4.40692748292349
Cell_36	1.62009582691826	2.65225609729532	4.36170206125826	2.68210088426713	4.33156713587232	1.53004625102039	4.09037913032807	0.423152909846976	4.78890430938918	1.79545922623947
Cell_37	5.19565132039133	2.56311571609695	0.98689077666495	2.72283959074412	0.350379090989009	2.34272915066686	0.484230565023609	3.03059700678568	4.16310598305427	3.3762676611077
Cell_38	4.05631689203437	2.67511612176895	1.047440359951	2.93550689285621	3.66342022607569	3.38297866878565	2.09648800245486	2.13086337177083	3.24799129716121	3.08480852236971
Cell_39	1.20104542584158	4.86916022002697	4.01055635022931	2.29614138591569	3.68482635065448	3.17779248522129	4.65043395268731	3.39816403470468	5.02184509113431	2.88048644724768
Cell_40	1.05981666047592	4.40802791644819	5.07013024052139	1.10281744389795	2.711912014056	3.49194366985466	4.76920682948548	3.8033768836176	4.44887332501821	3.78500044846442
Cell_41	0.841257458669133	4.95347460580524	0.756695980788209	4.84079900244251	3.21545684116427	5.24532465985976	0.496792875812389	0.403221819666214	3.97018580080476	3.59155934245791
Cell_42	0.500584294786677	1.24414286785759	4.47501328890212	1.40336463029962	3.8991189080989	0.614206019323319	4.21485822182149	2.12277660961263	2.2862153982278	3.85802651755512
Cell_43	0.913466682541184	1.8057903717272	2.79919935751241	3.2134444443509	1.88410036882851	4.22010298236273	0.241433074348606	4.14775415218901	5.15980745526031	5.21544610813726
Cell_44	2.43328556662891	4.00880974822212	2.07986638159491	2.09275655634701	0.489509058301337	5.42556913441513	2.73653990693856	1.91555796400644	3.76392141950782	1.34808780462481
Cell_45	0.937091823667288	0.0306995395803824	5.20574989030138	0.602492917561904	1.89893798355479	1.50212299684063	2.10084491793532	4.86310131242499	0.72419072559569	3.99492986558471
Cell_46	4.61309476511087	0.095328752999194	4.57965481141582	5.07157942152116	4.69237583910581	0.746083087171428	3.50224277039524	0.332516256021336	4.1159840329783	0.741904088761657
Cell_47	4.69713706336915	1.35875709576067	5.33733103412669	0.668355954927392	3.23826787108555	4.93602870346513	0.11100612487644	4.63028954027686	3.72641345171724	3.80867827218026
Cell_48	1.48249138041865	2.47758411278483	0.541439654654823	3.55747181165498	4.64512642507907	2.51260581833776	0.0333131710067391	5.05212857143488	4.53187586180866	0.398318906896748
Cell_49	2.99559436889831	1.79248086200096	1.09290665271692	3.45003018644638	4.87611688300967	1.48376405681483	3.21221855736803	3.11469539138488	2.81735998357181	4.97951377101708
Cell_50	0.801863595028408	3.94320338929538	4.76931532949675	1.0429450905649	0.832545601064339	1.35975663585123	3.60542719671503	4.63774612441193	3.53557801840361	2.41568982368335
Cell_51	5.26088687533047	0.799375492613763	1.38485210528597	5.09585206292104	2.18245274398942	2.63889194827061	3.73442561691627	2.69539918645751	1.93944355740678	5.2274665950099
Cell_52	4.64680113084614	5.45983597298618	1.77190582896583	3.24561995570548	2.06216052384116	5.35784352419432	3.27727594680618	0.106700251577422	2.36833295330871	4.21409840160049
Cell_53	4.78363201406319	4.50523186742794	5.28317432687618	2.95110347878654	2.23792968282942	2.70212645095307	2.85376195760909	1.95033150818199	1.04035576817114	4.4212116576964
Cell_54	0.174078726558946	3.9933053542627	2.6063383964356	4.06152090872638	1.53473564819433	4.55272863863502	5.08562674361747	4.85176918364596	3.76960723730735	2.56966250366531
Cell_55	2.52421559614595	0.641862852498889	0.631483964854851	2.55003888823558	2.55313655280042	5.10851717006881	4.74362445075531	1.60145078354981	2.15773168078158	0.790794963715598
Cell_56	0.890264176414348	4.81736612331588	0.271964358747937	2.97107106004842	1.00981320836581	1.62852355197538	1.07828552194405	1.27422645909246	1.01740317395888	4.06901210534852
Cell_57	2.71892901742831	2.49047641968355	4.28520619310439	0.457222773926333	0.531990185729228	0.0247660098830238	5.20149031979963	0.631947516580112	2.72081278881524	3.24291800474748
Cell_58	0.472276026150212	5.46180250367615	2.17332800291479	1.36476724571548	2.45003645832185	1.90606059285346	5.12046272063162	4.93966072623152	5.47912962688133	3.84796518657822
Cell_59	2.05756098800339	2.31980590708554	4.51640267274342	0.566242516739294	1.63579223828856	1.06074313772842	1.38615162239876	2.82352416287176	5.12620096618775	0.0689556769793853
Cell_60	4.22249579639174	3.510523150675	5.33017760154326	1.97628315421753	3.19746444467455	4.45830736821517	2.97855073795654	2.81995439366437	3.32899205945432	4.29799642204307
Cell_61	0.736925626290031	0.838744145701639	1.06818565737922	2.48684280004818	3.45949003438	5.30701040581334	3.73889729822986	4.05122029071208	0.514598300331272	0.618008225806989
Cell_62	1.5182217231486	1.09712707751896	4.270653060521	4.26454729947727	5.0440529451007	0.319079707493074	0.238628503750078	4.87878565955907	1.95162047084887	5.06706823594868
Cell_63	3.12933017301839	0.615558048710227	0.932150451582856	2.29501662030816	3.06998930685222	4.98478047794197	0.61053774622269	2.42630013439339	2.5994030792499	4.84923290496226
Cell_64	1.76696874038316	3.9066450962564	1.12740743323229	4.92373729182873	3.48350341571495	0.528975505847484	1.11063356557861	4.40198690607212	3.44978359376546	3.08567371417303
Cell_65	2.60831327131018	2.4913234146079	5.24995013617445	3.47353948862292	3.6461701777298	2.38747271872126	0.36656412249431	0.849102772190236	4.7707435565535	0.979942010948434
Cell_66	1.23558898631018	3.7088761193445	0.103408657712862	3.19918632658664	4.9482722064713	0.677827563602477	4.72237994545139	4.51253386004828	3.79619113972876	0.0829198799328879
Cell_67	1.47749408590607	4.87914233375341	2.04020888090599	2.43835862725973	3.05137035378721	4.40854581806343	5.09905625926331	2.47109043807723	1.71339881268796	4.3917157961987
Cell_68	2.26745286781806	0.455611362820491	4.68803327239584	3.30988088273443	2.55085551575758	4.9330392840784	4.80656616168562	2.29323794133961	2.95084424689412	2.0662979678018
Cell_69	4.97497695230413	4.91585718013812	0.801664373138919	4.29435876605567	3.59022268245462	0.7204006947577	4.12287652411032	4.05482917360496	1.31451438111253	4.24937756161671
Cell_70	4.08580807049293	1.54909973556641	1.6242402397329	2.509809015668	5.33469722478185	3.37143679056317	1.14945078536402	4.35902418498881	1.44957530731335	3.01876687514596
Cell_71	3.84197002567817	1.24328968394548	1.84453960356768	2.7631653676508	3.4389158874983	1.67929855047259	3.26467073441017	0.104122463264503	4.62299360730685	1.0286963324761
Cell_72	1.95392320584506	4.16221183759626	3.17562370793894	1.3000596461352	4.87144824513234	1.3810599653516	3.04330911848228	2.53384125849698	4.89775888959412	3.33474353456404
Cell_73	2.43722980865277	1.71092690818477	4.03374783962499	2.67189285391942	3.26829611614812	0.339759955881163	4.48428327590227	2.86127066984773	0.520601291907951	2.70630708849058
Cell_74	4.84170231677126	0.363932002219371	3.01821388723329	2.66433928336482	5.11432603257708	4.69870160438586	3.00574691605289	4.59721637726761	0.561400429694913	0.0379096296383068
Cell_75	3.91649330733344	0.49664390727412	4.81805711425841	2.35973424930125	2.7594485366717	3.52208867843729	3.44077790842857	2.22309961321298	1.42867552337702	1.55326472711749
Cell_76	1.44262335682288	5.1896148432279	1.63355891010724	1.04145628109109	2.93711013009306	1.34633488557301	5.23622611665633	4.17739052022807	0.478959732106887	4.13510694098659
Cell_77	1.65016346098855	2.97091608692426	1.4888477397617	3.88603005057666	3.67050879274029	0.888910436187871	0.73231480224058	4.52716717671137	1.29749455593992	1.85067128716037
Cell_78	0.718637496582232	1.68300220696256	4.70027226780076	5.1139297017362	1.97428001463413	5.32590139901731	1.98280751518905	3.23678817029577	2.90738523378968	1.16081387572922
Cell_79	4.14594787952956	2.47864863404538	2.36566808121279	3.03032566071488	2.72153058333788	4.80353404046036	3.84678345359862	0.310837456141599	5.08640477480367	3.57201451656874
Cell_80	4.82777072989848	1.0126874265261	3.72937270987313	1.84635412180796	2.3427989493357	0.990430129808374	0.300455838325433	4.31192885921337	2.70439894532319	4.54546123673208
Cell_81	4.54240004403982	1.79683565045707	0.735743866418488	3.04372161009815	1.70197967567947	2.00464140344411	0.913487856741995	2.04430610092822	1.90311176492833	0.756402925238945
Cell_82	0.739852252998389	4.34850583318621	0.188404352054931	3.42815867892932	4.87788355408702	3.21422657719813	4.83055413269904	0.0833753551123664	1.15949596324936	0.476805221638642
Cell_83	3.82314626104198	2.46551834756974	0.818458884838037	2.79810507840011	2.94066501781344	1.67657186277211	4.81769124045968	4.79613488342147	0.185830140369944	0.621557434205897
Cell_84	2.8148218250135	2.4762743114261	2.30213487823494	1.2751243399689	1.16743407829199	3.71739389398135	1.85686344432179	5.34726942668203	5.09498929651454	1.0664700656198
Cell_85	2.37557378597558	0.371640182216652	4.86127595417202	5.30771865241695	5.49663977406453	4.47622983669862	3.80422232649289	3.17149035027251	4.28957576188259	0.10404800332617
Cell_86	2.64119745057542	1.58118414215278	5.45702426834032	1.39504967082758	2.02474471984897	4.66599656641483	4.14686015143525	4.1415614815196	1.74463737430051	0.608249074430205
Cell_87	3.58425489114597	2.18493011523969	0.176934804185294	4.08789506426547	2.7198197604157	1.65282804623712	2.04345328581985	1.87583543988876	3.93325046356767	4.403294552234
Cell_88	5.20341374527197	0.26936895493418	0.961360597750172	1.44368839031085	1.68299680680502	4.0758122188272	1.26577491033822	4.04565178323537	0.845331047079526	4.61603446514346
Cell_89	3.37861849169713	2.89942653104663	0.809700034209527	4.85460604762193	2.34743978735059	3.1879229771439	2.77938037854619	2.86853209149558	1.29097635066137	2.50910743826535
Cell_90	1.36039661150426	3.91884745331481	4.39798349922057	2.88797932653688	1.22478570928797	1.11365291825496	0.739917004946619	2.11498008831404	4.28053786256351	2.0076789862942
Cell_91	2.77676560741384	4.96727025904693	4.2271991543239	1.02957470004912	0.410939153167419	4.71873629640322	0.878591718617827	5.08351143391337	5.47029150521848	0.397507034125738
Cell_92	1.83475904492661	0.9307635279838	2.17418727721088	4.80325590353459	0.418189371121116	5.44460802560207	3.89529915654566	0.924127042992041	3.8409075968666	4.37872616224922
Cell_93	0.0580200442345813	0.983683094615117	0.974738065968268	4.10048215661664	2.5338796012802	0.986041269265115	1.53316163353156	2.71628063393291	0.854063967475668	1.29345786327031
Cell_94	4.05949333205353	0.515922143124044	2.09379442897625	1.45614743349142	5.23839116364252	0.211200451827608	3.53233158891089	0.0741040132706985	2.49304614681751	1.29920106206555
Cell_95	5.16395122522954	0.966680080746301	0.137995827943087	5.05923882708885	3.52046306070406	2.68139183218591	2.43228676286526	4.81927828874905	2.67738346953411	5.01400644681416
Cell_96	2.87693577515893	0.155793309095316	0.592473672470078	2.38662048114929	0.289618887472898	3.67424464400392	4.50049304030836	2.09231824846938	1.00401708623394	2.54588019964285
Cell_97	2.96265635709278	4.84497747453861	3.40513462002855	1.32775978685822	4.61278828408103	3.6223524134839	0.145727227209136	2.393235077383	3.47420607705135	4.49648037494626
Cell_98	2.81960377527867	4.82325377920642	2.31532046734355	3.00686343479902	0.543146400246769	3.44031970691867	1.73676143214107	2.32144136726856	3.21473828086164	0.571293180226348
Cell_99	3.20792970282491	4.66316761123016	0.56153283151798	1.73517444788013	1.68201684148517	0.351504518650472	3.10280598606914	4.61637235211674	5.21679008658975	3.86251246184111
Cell_100	1.8213156965794	4.49053088680375	3.22913833300117	0.102266119094566	1.7032714325469	3.10237927502021	2.67091610794887	3.62849727540743	0.386023146449588	1.20378017728217
Cell_101	3.02519844996277	2.09390111186076	4.8595732654212	5.26339225005358	0.740781203028746	2.83401903801132	1.30524936143775	5.16507267800625	3.3009075637674	4.51082563668024
Cell_102	1.2067511487985	4.26913322287146	2.10707514639944	3.09031105111353	3.91210070881061	4.50270564632956	0.125158324255608	1.66729154414497	4.67421718384139	1.26047961728182
Cell_103	0.119192387210205	5.42167781700846	3.46220593200997	4.29777400393505	2.5783519372344	3.86940017645247	4.5602680973243	3.85639519488905	5.1638843001565	5.02399024704937
Cell_104	1.09123140654992	5.46244450774975	5.43034440523479	3.27290849993005	0.539185255998746	3.55567549157422	2.80626311700325	0.17792688368354	3.65058560622856	2.27585549885407
Cell_105	1.15639143099543	5.17004369397182	3.2879386289278	0.888106531114317	1.43096526700538	0.586910460144281	1.41667240613606	3.89624835236464	2.18330294417683	0.791885105310939
Cell_106	2.90741647453979	1.55462296982296	2.78304772067349	4.82202559744474	5.43784503708594	4.80436911969446	5.12751356046647	1.92763513396494	1.38231795618776	2.74492469197139
Cell_107	3.8272551598493	0.14847110142	4.13412777346093	3.85211955581326	4.11678822361864	4.25009059242439	5.08770342241041	4.76943989680149	4.13924933434464	3.71231087564956
Cell_108	4.17360244481824	2.29713229113258	5.13702675688546	1.92294296820182	4.77390952024143	1.71365123963915	5.27012881019618	5.41747240046971	4.54429659550078	0.987936243065633
Cell_109	4.97088787669782	2.67517876718193	5.38137675635517	0.0559088733280078	5.04386645334307	0.579137857304886	0.06949141563382	5.36782533954829	2.18344854097813	4.90873297525104
Cell_110	0.660618292400613	4.9519387021428	2.79590317665134	1.24022343044635	2.1785723088542	0.962164411903359	0.449836622341536	5.38562996243127	5.33383559936192	4.4955511969747
Cell_111	1.93497713410761	0.86993269470986	1.57209895912092	0.0596673227846622	2.77558572997805	0.962417810806073	0.507024831022136	0.960321963182651	4.7183350174455	0.853024542797357
Cell_112	3.23995029740036	1.29098709335085	2.19868791487534	3.10781946440693	4.22652322414797	1.02013533865102	4.95098849083297	0.22589853068348	1.15172410698142	4.62340462883003
Cell_113	4.95876949932426	1.74809812486637	4.92390727065504	2.03059165878221	4.00376589864027	1.43999135436025	0.05704784556292	2.63667917705607	1.57332661841065	1.03959510789718
Cell_114	3.49373214773368	2.03227725450415	1.34823650424369	5.05133949022274	4.31755567353684	0.433243672130629	1.80257621000055	1.93566789326724	0.768343531526625	5.12094587786123
Cell_115	2.5107839521952	3.15326601208653	4.42661041172687	5.04864748672117	2.29106015653815	5.44207429909147	0.389081630739383	0.860876761144027	0.584182279300876	0.104773850063793
Cell_116	4.570225647185	4.10634169890545	4.66471908660606	0.649101060000248	2.19208795554005	2.4802319558803	5.49101526732557	2.79257143952418	1.02378378727008	1.56748291931581
Cell_117	1.12929426773917	2.6084090002114	2.77032553090248	3.57526393106673	2.69696889584884	4.72003054397646	4.14219725050498	0.170732460101135	3.32161248743068	5.39236619602889
Cell_118	0.978523731348105	0.868366851354949	0.370045149582438	4.06643224891741	1.17658862587996	1.72234311397187	2.80922200123314	2.85457623272669	0.83532445912715	0.72337561682798
Cell_119	5.44307477143593	5.40773332328536	1.56383613159414	2.46047875971999	4.65196483908221	1.38403015700169	2.53630884492304	1.62886990606785	1.86864948598668	0.387871508835815
Cell_120	1.51975178613793	1.59588530717883	4.59680831769947	4.86904820229392	2.30769536294974	2.38917497720104	1.02050822740421	4.73054207803216	0.664879922056571	4.03942777449265
Cell_121	1.43567799997982	1.12099322420545	0.675875692861155	2.03307558270171	4.58551781252027	0.375537283951417	1.3348052444635	2.92166920623276	5.14970088691916	4.87786569143645
Cell_122	0.371285349479876	3.40879332728218	1.01162316394038	3.92358452349436	2.2890420560725	0.903533623553813	3.06669752858579	0.420235503232107	4.86222133773845	3.00870340433903
Cell_123	4.90359166415874	3.14781805477105	1.29927679616958	4.30447339941747	1.96235948510002	0.904567666002549	4.04260490729939	0.706688469275832	4.98285327863414	1.36291979125235
Cell_124	4.71108033286873	2.9275719638681	3.40315233066212	2.89475423714612	5.49316614225972	3.12320297013503	1.51398166595027	5.03299441875424	3.01023324450944	2.2743381211767
Cell_125	0.00658819731324911	5.39941693982109	3.57295005512424	4.79110362438951	1.10455836146139	0.291760170948692	2.27706943429075	3.37962759635411	4.38967492978554	3.48488410294522
Cell_126	2.86727548495401	3.05723160691559	4.25110268592834	4.10637963702902	4.95220500533469	3.81980357889552	3.1688797166571	3.00388217775617	3.60540230758488	4.54933417285793
Cell_127	1.65038619923871	4.29003813548479	2.91095179261174	0.219422810827382	4.45073135697749	1.88560179318301	1.66073944349773	1.60975305386819	4.92466423520818	3.6568498184206
Cell_128	4.6511565890396	5.37888949143235	4.42985767230857	3.15946530201472	4.18535468075424	0.497771070105955	0.444147837464698	0.400209539569914	1.38178409484681	2.32296154042706
Cell_129	4.23156576626934	0.963055879692547	2.84482540504541	4.49890281108674	0.60123143333476	5.24896720889956	2.9052627311321	5.35216057614889	4.04851269372739	3.29109534050804
Cell_130	0.0794771213550121	4.17949460062664	4.68583450932056	3.31949614558835	1.58580589969642	3.0654731731629	2.14713036094327	3.42056858655997	0.239356642705388	2.51693381217774
Cell_131	2.19174598227255	3.34631650883239	1.69130733935162	2.17424537532497	4.1621155772591	4.77142638131045	0.714682362042367	3.19820284866728	0.360029322328046	5.41391105868388
Cell_132	4.02489696478005	2.60459781181999	2.48674939537887	4.32292733585928	0.89817016327288	0.827008213964291	4.36027526971884	2.97065449750517	4.25663646950852	2.3436676383717
Cell_133	2.33614963304717	5.23335060512181	3.78897625650279	4.53613189666066	2.27243469178211	1.9064615580719	2.08735737844836	1.63736675493419	1.66251981281675	2.01091244746931
Cell_134	4.27950574608985	2.95465291512664	0.530732357525267	3.22392096254043	1.33121633843984	3.89303916180506	5.06048125389498	5.10817261773627	0.271560274064541	1.42047316301614
Cell_135	0.799971928936429	0.284893566509709	4.32260666613001	2.07552848896012	3.77033282408956	2.24408764753025	3.27797619113699	1.94448894110974	1.90506132424343	1.83650787512306
Cell_136	0.48668485658709	5.18290612776764	5.0671634398168	3.26117498462554	2.06973410199862	2.34383739694022	4.50993857148569	4.69578129344154	1.68956179765519	3.19980038737413
Cell_137	1.91950026981067	2.03577433992177	4.98919222992845	2.03078950149938	1.89513645577244	0.275069407070987	4.29880764172412	0.527024221606553	2.39901170285884	0.277775695314631
Cell_138	2.54418487160001	2.74715464713518	4.54245861340314	0.817621906520799	1.23794981685933	1.78025475807954	3.9594147761818	4.89450844936073	1.0181371945655	0.293837948469445
Cell_139	4.15493059530854	4.62090278463438	5.0095861419104	2.08803501946386	2.99380083405413	2.59719654312357	1.70091066858731	0.0365597631316632	1.4735967523884	0.575489389477298
Cell_140	4.15009729936719	3.56808116706088	1.87463764601853	2.74542193673551	3.03492575872224	3.10575866850559	1.94274928490631	3.88757242367137	3.59562626038678	2.78729569050483
Cell_141	1.41600309649948	4.6994770168094	1.7440312722465	1.34084342094138	2.94475192029495	2.04997391649522	4.47267122124322	3.65309307340067	5.16312449402176	3.24491574929561
Cell_142	0.684779005707242	3.28095055872109	1.05224131257273	4.98188041406684	4.50408891262487	1.60452840849757	2.6653125154553	1.76478206459433	4.39192642539274	4.19576341332868
Cell_143	4.4307056007674	1.15658021625131	2.12814908893779	3.13836147740949	1.87616162886843	1.1616158625111	0.188500868505798	0.237491311505437	3.62385051476303	1.12966828851495
Cell_144	4.5042909453623	5.28282290685456	4.5991143360734	0.112650249386206	1.04865722148679	4.70031081035268	0.561313753132708	4.54860756162088	4.58587062451988	1.71459813171532
Cell_145	3.52022434736136	1.11516130249947	1.24749424250331	0.137333694612607	2.55273372819647	3.67176935239695	2.18753374798689	0.552832213463262	5.16347899253014	4.40661066770554
Cell_146	2.64843272941653	2.81521816866007	3.39598166802898	2.51319351606071	3.10256117593963	5.4372169720009	3.24957502749749	1.4590215056669	1.05927103583235	1.00786047067959
Cell_147	1.25565033592284	5.24790752434637	2.31023182347417	3.57958822150249	0.570498181506991	3.99385265388992	3.42932342004497	0.783844257937744	3.19653994846158	1.79429794522002
Cell_148	1.4997100714827	4.90301598841324	5.46397846750915	4.65698109113146	2.77211087266915	3.78885396732949	4.92671863723081	4.99043613323011	0.0930746898520738	4.0006318326341
Cell_149	2.32812457124237	5.42386901320424	2.13897406391334	4.47638502111658	2.34527584165335	0.3168370682979	2.47885982156731	0.199152076733299	0.937241326202638	2.04841568355914
Cell_150	1.17961526371073	3.54688809835352	2.21169775235467	5.45020840130746	1.19223046966363	5.45914918871131	3.32778591883834	1.74132402613759	0.275084959575906	2.28669780376367
Cell_151	5.2173956943443	2.72221548005473	2.22095662658103	2.6232625823468	1.74707999732345	3.73529196507297	1.02520707261283	2.71884449350182	0.948599696392193	3.57831178663764
Cell_152	1.63965574942995	3.16674068826251	1.89078231912572	2.98615679645445	4.80466459551826	5.36838499794248	4.75327434530482	0.950953631079756	1.35530908813234	2.78753545647487
Cell_153	1.0583281929139	5.10760108847171	1.66432216309477	0.735786460689269	3.1385086044902	0.55940603511408	2.41666425822768	5.39421251462772	2.50304811703973	0.40969085751567
Cell_154	0.0670203780755401	3.07932429679204	3.27937616885174	2.39197442424484	4.28240828658454	0.0762877655215561	5.30050203786232	3.89325043128338	1.24185139546171	1.03546196152456
Cell_155	3.67026163660921	4.01395166886505	0.861345706623979	1.35281579301227	1.81884193781298	1.06684972345829	1.89341668679845	3.74177391489502	3.46373244398274	2.44655330677051
Cell_156	0.81776776839979	2.49054190155584	3.62531096604653	1.71476364263799	2.11281667277217	0.597987700719386	2.45694380404893	5.3746661687037	1.51549952384084	1.50986725301482
Cell_157	3.91015608096495	1.90312008478213	1.86024480988272	5.23442986188456	2.13223016355187	2.5074991696747	3.7530515746912	4.43152119359002	2.28451430634595	5.15306873992085
Cell_158	5.3907083873637	1.64869949966669	4.80510120664258	3.48277176031843	1.96007775655016	4.45068423845805	4.01654357928783	0.54290196148213	4.30647525074892	4.20704954408575
Cell_159	3.5532697988674	0.950562409707345	1.3862664164044	5.47788448142819	2.60561980155762	4.1889149263734	3.94305683847051	0.197350365458988	3.90896466944832	5.34255946357735
Cell_160	1.25081628060434	2.20460076339077	0.926492971484549	0.799304661806673	1.81238212389871	4.05096749751829	0.972815685439855	3.63977816479746	5.34827776171733	2.39804489922244
Cell_161	4.16258142376319	3.8487410369562	4.15289662731811	1.65371060895268	3.72403764619958	3.80203676992096	3.74024414387532	4.02196330518927	0.219889629282989	3.18721984000877
Cell_162	0.0365554885938764	0.726969581097364	1.68962898140308	0.438456650241278	1.9573513159994	5.17931254766881	2.18324545689393	4.64006484346464	2.62669145059772	4.20377078920137
Cell_163	1.13410894037224	2.62243036518339	2.22847238963004	0.248415241134353	4.71848480554763	1.51103317225352	5.20832081220578	5.38650642836001	0.467105172341689	1.19664112804458
Cell_164	1.44533617596608	1.78833530435804	2.28848514833953	1.64632652420551	1.78489925595932	4.23371599963866	1.32714150147513	2.14636467443779	1.98875444219448	4.17265304282773
Cell_165	1.1926930929767	1.93412042350974	2.45661798515357	4.26505917985924	3.06533508689608	0.321657258900814	2.61099014873616	1.80099021305796	1.25203637813684	0.202063252101652
Cell_166	4.00452774984296	5.1093975250842	3.75888167542871	1.49800155614503	4.55561839649454	1.63003202073742	2.53245592664462	1.63314104778692	4.61991427920293	0.51757439028006
Cell_167	2.15778637002222	0.655092408647761	5.16275150026195	5.15397413133178	3.45500965032261	3.87979197350796	3.13428330072202	5.25640230637509	0.423768089851364	2.3653818895109
Cell_168	5.03840694914106	2.66859367012512	3.05036893382203	3.15402428153902	4.38047386938706	5.4546192107955	1.65249031805433	2.09131967904978	3.6721047781175	4.13257866329513
Cell_169	2.22798270534258	4.63616850879043	3.12688853219151	4.89913165394682	2.61620222532656	2.82313759252429	2.54068837524392	0.96763543994166	4.37235927535221	4.50921821710654
Cell_170	2.60014603438322	5.3504193717381	0.690906641422771	4.18762112571858	0.420078683528118	1.57671380543616	4.16397371550556	4.7831832106458	2.07464734255336	1.09477256529499
Cell_171	1.13922945503145	1.612176038092	4.54712776606902	0.406583018833771	4.96172960521653	1.18161317985505	3.70808256382588	1.02268579578958	2.86835633346345	3.76632057235111
Cell_172	3.49513432930689	3.96762664348353	4.61356064875145	2.53159780998249	2.55905467725825	3.01970557286404	3.41788223932963	0.511058922857046	0.335145074990578	1.63987166737206
Cell_173	0.97730734362267	4.79660441796295	4.05691796273459	1.2422246952774	3.60823403776158	3.23686320648994	0.79065324831754	2.40365828806534	4.41674039768986	5.29821259516757
Cell_174	0.590551653061993	0.498011158779263	1.8867784307804	3.81049380335025	4.12791211018339	1.38601357326843	5.18504170374945	1.91181595961098	5.47450615337584	1.83818940760102
Cell_175	3.09278540790547	1.70829052873887	1.84002910822164	2.45621555880643	4.7809451763751	5.37390824244358	4.82676265225746	2.26142867899034	4.90595289808698	2.22494748258032
Cell_176	3.2056313934736	5.42412403714843	4.6560103535885	2.51335794490296	4.0678999456577	5.38838466769084	2.46744839742314	0.706866969005205	1.85550838254858	4.53622162225656
Cell_177	4.28872213105205	4.73545779904816	0.73816927219741	1.87161581544206	3.01135438226629	3.72429723024834	4.74206415994558	5.40805720980279	2.15071484132204	1.84231331723277
Cell_178	1.39169612433761	3.79664504365064	4.51153744838666	4.5568755652057	1.64600017771591	4.68979889340699	0.852597541059367	1.57875659270212	1.29077755007893	5.14124010014348
Cell_179	1.84146547073033	3.80664541316219	2.17852379963733	0.408089798525907	2.52491060039029	0.325887568411417	1.92265034292359	2.63648358301725	2.59291331283748	2.11559409275651
Cell_180	2.72269863728434	0.682112883776426	3.100989190978	4.61432921525557	4.49815193819813	0.498854021308944	3.87218245107215	1.61450688797049	5.29374577105045	3.44137868075632
Cell_181	4.55701978923753	5.07914035278372	3.64536356169265	0.757030854583718	3.58476821088698	4.34161485696677	0.482073301333003	2.07913545612246	3.04647513211239	4.07689689623658
Cell_182	2.75757739169057	4.41717640822753	2.27821416012011	0.482449268572964	0.0869339731289074	2.59031303389929	5.32195096672513	2.39952498674393	4.6325288269436	4.41410802258179
Cell_183	0.0447370717301965	4.24287316342816	5.07086707581766	0.100867920089513	3.7178541328758	1.45777509757318	4.68964519316796	5.11481840605848	5.48360009037424	3.91586602595635
Cell_184	4.24109033925924	5.37481647159439	3.67935746244621	2.15729488013312	0.567770635825582	4.11291375593282	2.05250849330332	4.5477297216421	2.5849272981286	5.35973454359919
Cell_185	1.99180510477163	0.254221196752042	0.843852201709524	1.72342356678564	2.54015292215627	2.65938923542853	4.19546813855413	3.54585729446262	0.130206581554376	2.77657241828274
Cell_186	4.6701490211999	1.65811484272126	4.64172364200931	2.35453809786122	2.76493531826418	1.80471924785525	5.15628992812708	0.0249633160419762	1.51762655202765	0.172671485459432
Cell_187	0.0384769022930413	3.34864554798696	2.28272870206274	3.71822972747032	0.688135378411971	5.44107524817809	5.29547640692908	1.8523547865916	2.0374378253473	0.858474910142832
Cell_188	0.132445341907442	1.46593128319364	2.76500732207205	4.00372334790882	5.28800399112515	2.55627580895089	2.67014123208355	1.02709546172991	3.85693627863657	1.4234153755242
Cell_189	0.230014832457528	0.183763633132912	4.02783693757374	2.43775809695944	1.39087133447174	3.54251211392693	0.516124641988426	3.8755128897028	5.06352242745925	5.36809771135449
Cell_190	2.88593847933225	1.68870712444186	0.566456009284593	4.71316586679313	4.88789052749053	4.85716708609834	5.14943338383455	1.34567063802388	3.0258804820478	0.702622282551602
Cell_191	2.32572122197598	0.612891497788951	3.66646794206463	3.5264927764656	1.32237494236324	5.21174355165567	1.2287405480165	2.95664102083538	0.190341658890247	5.35519892605953
Cell_192	0.504153286688961	0.935035106376745	3.92163223016541	0.43038059619721	5.27567874558736	1.96166962105781	1.37497472157702	0.0117825188208371	4.72868947056122	0.988649719511159
Cell_193	2.81195038568694	0.91018161829561	4.95424054074101	4.35066849447321	2.57859472406562	1.68313823919743	0.0829283342463896	1.34277999657206	2.07264221680816	4.65757541707717
Cell_194	4.7926261909306	4.56395742425229	2.71659275202546	3.51831910596229	0.165300773689523	3.56090259819757	2.69697347132023	2.31984125077724	2.18952838587575	0.972305856528692
Cell_195	0.741541306255385	3.19103165203705	2.00521174690221	4.87606494186912	2.69851735676639	1.21207501133904	4.68127602210734	4.93230493692681	4.26387386769056	4.17317933600862
Cell_196	3.3050371450372	1.32958128547762	3.74141835095361	2.37294159014709	1.41010759328492	0.190196689567529	1.52245543000754	3.25476541765966	3.00873922952451	0.555669462890364
Cell_197	5.20179178356193	4.99565415421966	1.91993281512987	0.0569729771232232	4.00395089597441	5.02416396769695	0.593803977011703	3.04012640751898	3.23428712517489	0.78337192023173
Cell_198	3.9374249415705	4.61436412739567	5.04177992697805	0.662928881123662	0.379857952939346	0.883393365307711	4.28495710331481	1.59466111182701	4.81009291147348	3.10435760358814
Cell_199	0.381953143631108	2.13046484731603	2.54300959396642	3.06294043269008	2.14692306250799	3.18603626685217	3.50026864977553	1.6358097436605	0.30699222383555	0.527676951722242
Cell_200	0.731925967847928	1.28603760630358	2.9962054011412	5.39299407927319	2.20190677884966	3.92068434052635	0.399952633189969	2.82770250178874	5.11853770597372	0.0763907872606069
Cell_201	2.41368900577072	1.90054277284071	5.47861974034458	4.92752262682188	4.71383818576578	3.58916387637146	0.616399985388853	1.56162965949625	0.0143769686110318	2.47603055520449
Cell_202	1.01975446939468	4.96188268694095	4.10933184053283	2.40559952496551	0.159723548102193	5.25756112870295	0.414492399198934	5.46761741815135	0.601250296109356	5.08929630240891
Cell_203	0.587911114329472	3.33894900616724	0.675397022743709	3.85259950393811	1.99964685575105	0.530153803061694	0.566434563603252	4.83025691402145	3.50031459913589	4.56959832739085
Cell_204	0.411699899239466	1.68492255778983	3.47603672661353	0.181843437254429	3.58134668669663	1.7281320738839	0.0852230567252263	2.96635396417696	1.89032676967327	4.80512172775343
Cell_205	1.53786581743043	3.246754857013	3.66261897049844	1.69119333417621	4.49430744478013	3.9509494472295	0.381920960382558	1.21238904260099	2.62378968228586	5.20416872238275
Cell_206	3.12178010097705	4.01136350026354	1.04876802524086	0.173027311917394	4.55864957394078	1.40426615823526	2.05067036265973	0.401437248801813	4.86582645575982	4.81937808473594
Cell_207	4.80088198301382	2.89497100154404	1.93018348072655	4.37347139022313	2.76621168141719	1.946212965413	2.20435759238899	5.48182717524469	2.63971486850642	0.962699352763593
Cell_208	2.84163620031904	0.376443118439056	4.90974995540455	1.76222603314091	0.884202766581438	1.68682718963828	0.753285278682597	4.14144516107626	2.67485430825036	4.09635436942335
Cell_209	2.54540037445258	3.04647385794669	4.75856151315384	5.2544679986313	3.03945903794374	2.84977689874358	2.60126613616012	3.62012016866356	0.252873764606193	4.5559997651726
Cell_210	2.75330293201841	5.25716415501665	5.12598025123589	1.60191501653753	0.756933713215403	0.724009132012725	3.3126987622818	1.80906587396748	4.72684157046024	1.76197633636184
Cell_211	3.51178446714766	4.38942613068502	1.83479477791116	0.397715120110661	4.68466674862429	4.58938470308203	5.02324210433289	3.01131282397546	0.642730437684804	5.04362225788645
Cell_212	1.22684413997922	2.26821499050129	4.57155095622875	0.185591471847147	2.17269763920922	4.75984868430533	3.17839597747661	3.03365300036967	3.36717105796561	5.0603882628493
Cell_213	1.97274310828652	0.357527525513433	1.46833936288022	2.74784247379284	1.22772513912059	4.4324749559164	1.97605477506295	2.33470867970027	2.28808608860709	1.77408055320848
Cell_214	5.26764343027025	4.62726795556955	5.04242608777713	1.5029042243259	3.38716462836601	1.81662610860076	4.76227660512086	1.86560599075165	3.3208468419034	5.01488785317633
Cell_215	4.53343034652062	3.18949634896126	3.34968398278579	4.58707971812692	4.73474766232539	2.59643008443527	3.76159607863519	3.82441185845528	3.48526656266768	4.73493068246171
Cell_216	2.72716249560472	0.323780463309959	2.41438185737934	2.77808307169471	0.988235897384584	3.2394558097003	1.05409263563342	3.70264048047829	4.03461304167286	3.05280162219424
Cell_217	3.52515665045939	0.092498323880136	2.45170721737668	3.6318601469975	1.02174292213749	4.45613144664094	4.9871556943981	1.30834858701564	3.10967554477975	0.540715192211792
Cell_218	2.87545026442967	4.6153461211361	4.3913513784064	5.11695590545423	1.23907713335939	5.17442918021698	1.95439957862254	2.09051221911795	5.44245479186065	2.78708515223116
Cell_219	2.30661889270414	3.18234796181787	2.01518055424094	4.02973349543754	1.49455675249919	0.0305475885979831	0.665315251331776	3.03231992723886	3.8149207275128	2.7652663734043
Cell_220	4.07782199431676	4.94018084579147	0.711079833330587	1.5483514763182	2.7828541243216	4.60705766302999	3.83973118208814	2.34391945577227	1.92758373706602	0.290327484952286
Cell_221	0.719818955520168	2.79685056686867	2.0039294406306	1.3467534534866	0.541027598432265	4.36987337039318	1.4588444030378	4.28832346445415	3.59084457135759	5.44615400477778
Cell_222	3.37839908292517	4.88624275592156	5.0091116221156	4.20343810261693	2.22607844357844	4.92530072515365	2.19367030030116	4.63970476551913	2.45940097689163	5.36072525160853
Cell_223	4.10973980918061	1.70254912273958	3.05660857574549	0.13209954102058	2.35210575268138	2.21708825824317	1.52682897879276	0.220784125616774	2.28260603640229	4.16806867404375
Cell_224	1.16662579111289	2.89864540600684	0.980756401317194	4.82687892531976	0.30943156091962	0.28420231945347	0.991199400625192	2.32829673215747	2.00462745805271	1.50060594314709
Cell_225	3.4533870483283	4.15028574399184	5.32981731102336	5.20673759025522	3.13655223383103	3.57024528179318	0.803166716941632	1.03287679073401	2.05046258016955	3.24995144933928
Cell_226	5.40607579762582	1.64937372284476	2.88015019684099	1.16775156068616	0.0899164979346097	3.88003262819257	2.51731671369635	4.25796015223023	3.94161840400193	2.65342858200893
Cell_227	1.80452829331625	4.61491008882876	5.24569223937578	1.5740163467126	3.11385223048273	3.25423605367541	4.1749706401024	1.58671945601236	4.48937290837057	0.868991188704967
Cell_228	3.4260239826981	0.958430692786351	0.0386196690378711	2.5014815091854	5.31695789424703	4.87088831141591	2.58132627408486	0.658727267873473	2.25904860021546	3.2421981357038
Cell_229	2.63799425947946	2.87828667124268	3.72010510985274	3.32918187428731	1.29399120982271	5.21144147706218	4.82236767187715	4.56051164353266	0.736392497434281	3.13631666684523
Cell_230	4.26643544784747	3.33786696416792	5.22904847876634	0.848910535802133	1.43324557668529	4.86304631840903	0.300302567076869	1.05096907413099	5.189883840736	2.88889389578253
Cell_231	2.35825161472894	1.40951725759078	5.02278684685007	4.08156147855334	5.27820143871941	0.371706351754256	4.72157886659261	5.46057352924254	1.52896722219884	2.07126513693947
Cell_232	4.45969870081171	4.47957920853514	5.4871502899332	1.02691988169681	5.4447017388884	3.96411632723175	2.43169253808446	0.964091775123961	1.92758283938747	2.50512916257139
Cell_233	3.675295508001	5.4982843544567	1.81534418906085	1.45613719406538	2.37231947330292	2.38511098281015	0.00686727161519229	1.54085054097231	1.58767574746162	2.11765017616563
Cell_234	5.07144710037392	5.48531497269869	2.44968259369489	5.17140460282099	3.07879343838431	4.57881191943306	1.19799997389782	1.94731192244217	4.45058097597212	5.33077911403961
Cell_235	3.79284293961246	4.04270130977966	0.00870974978897721	1.61836442141794	4.65253133315127	4.0649438056862	3.01298438210506	1.99457105598412	4.22388918814249	0.894503511372022
Cell_236	1.64654892950784	0.555070249014534	3.35390354960691	2.07700397795998	4.51822977769189	4.45435796293896	4.5863625369966	1.36705595848616	3.92553942149971	2.52462265302893
Cell_237	4.71212103043217	0.428180265706033	3.39556984615047	4.13198853249196	0.890645171166398	1.39654615730979	1.98417279077694	4.68873933947179	3.32547211716883	3.85190442029852
Cell_238	5.09838828397915	0.461925880867057	0.685075228102505	2.65132172917947	4.80978012492415	5.08008401142433	4.20635974791367	3.50575098011177	2.69578207260929	4.18594836001284
Cell_239	3.47597017802764	0.939006825559773	0.26688280410599	3.11262434069067	5.49376894684974	3.56241610855795	2.51704242359847	4.3035474702483	3.68122921441682	2.37300431879703
Cell_240	0.6351218103664	2.81663137336727	4.87877190241124	2.07029510370921	0.712067953310907	3.58865921199322	2.03700879518874	2.9917802172713	3.39347396010999	1.93283147749025
Cell_241	2.9995295611443	1.32549323816784	2.7981937014265	3.81252844363917	2.11917451885529	4.08633865357842	0.740327214589342	3.38175102102105	3.0751050603576	3.05504966923036
Cell_242	1.17869759933092	2.37058308767155	2.85429548216052	0.363508463138714	4.18838119949214	1.68482583388686	4.71856504597235	0.374131612828933	4.87049628200475	0.892772511811927
Cell_243	2.90951972641051	0.0880406174110249	5.3573010523105	0.535440790350549	0.989830316626467	0.56658387533389	2.71746825240552	4.90593874652404	1.65200153144542	0.613424297538586
Cell_244	0.677111180266365	1.84495277644601	3.82123696536291	2.02829383220524	2.44561177515425	1.01513770350721	1.04251397564076	5.34269685449544	0.372538583003916	3.91596975072753
Cell_245	1.57397345534991	4.51632724981755	0.599443672574125	1.44199491781183	0.729908423149027	5.09842787275556	2.19227903941646	0.919570623897016	0.927291101193987	2.35245829063933
Cell_246	4.71684703906067	3.12680971447844	1.00189864938147	4.37875579588581	1.65764918574132	5.21593102999032	2.96812407358084	1.34851354756393	3.025302596041	4.78075605945196
Cell_247	1.79512067593168	0.0417230039602146	4.73945901100524	3.93702635564841	4.09070684190374	3.97214937082026	1.10697348811664	4.8120469681453	5.12958983331919	1.7032629782334
Cell_248	1.07001828157809	4.50657783460338	0.400806077057496	2.2187043139711	0.109617311158217	3.73474797059316	4.56695768493228	1.28195847687311	2.60063610668294	3.62901505664922
Cell_249	3.03969418234192	5.45646568818484	4.52090152772143	4.82651039562188	2.54986292147078	0.268870529485866	5.18030456698034	3.84117835259531	0.41241634148173	2.89322410884779
Cell_250	1.72996425884776	0.624881496885791	1.67447039857507	2.43194520834368	2.08520083571784	4.4031417586375	2.23704681405798	1.83120357070584	0.772626116406173	3.93021964596119
Cell_251	2.20255907869432	5.03732166218106	4.50894303701352	2.39112755737733	4.31592767906841	4.386487636948	3.60582871898077	1.35868377937004	4.21309494809248	4.46832870191429
Cell_252	0.902199622010812	1.7517816828331	0.186762798926793	1.80379970744252	5.42160160141066	3.20761116268113	1.20298457541503	0.946485539199784	0.456243281136267	2.20021144696511
Cell_253	2.42211545666214	1.7027824256802	2.89951347652823	1.65406434296165	1.25606290309224	4.76721369754523	4.52493949711788	4.49916037695948	3.75294930336531	0.60552640131209
Cell_254	2.62253650638741	5.33105057151988	5.25350372924004	4.12478265806567	5.37099872156978	4.08319217117969	4.10965835477691	0.346810460207053	3.42274111846928	5.01741853833664
Cell_255	1.08457759290468	2.75266242364887	2.25180799036752	3.04805605416186	1.77041338011622	3.67671985109337	5.22614873503335	1.22888682864141	1.25875107385218	4.50868032325525
Cell_256	3.15625568374526	1.4626947704237	3.28065672970843	4.63287880504504	3.47572869481519	2.77485609019641	3.1987621356966	2.15048589231446	1.98313245433383	0.794916423619725
Cell_257	0.426648911903612	3.12465212680399	4.19301905250177	3.93481044576038	2.16191362962127	0.080384427215904	2.20743992214557	1.21559719974175	4.41255274263676	0.139258156064898
Cell_258	3.37554873456247	1.66673113533761	3.079111257568	2.68143181537744	4.40779433946591	0.277781957294792	4.40961135609541	3.99446795810945	5.25663351174444	1.75306175323203
Cell_259	3.81268446170725	3.29271653899923	1.45108561625239	0.977843565051444	0.752842075191438	0.0847720507299528	0.553128964733332	2.46586076903623	0.00859949667938054	3.47672747296747
Cell_260	0.574347936781123	5.20831064705271	2.96855071547907	1.80270945571829	0.668483940069564	0.306019461713731	0.033697149483487	4.08293954702094	3.24718566588126	3.16549362451769
Cell_261	0.916413401369937	4.66500809171703	4.27118214918301	2.35438881558366	1.8321625321405	4.04920354252681	0.783301230287179	5.33973180560861	0.129276252351701	1.23853753507137
Cell_262	0.857773625990376	0.373322411323898	4.68213646428194	4.551046750159	2.23638159839902	3.12351910409052	1.34516769472975	0.560733101097867	1.95482667640317	0.169261410832405
Cell_263	1.92955492262263	1.32867719768547	4.71477248088922	1.94810966926161	4.76024062023498	2.69452751113568	4.58413035236299	5.12392297433689	1.55333738017362	4.98934713518247
Cell_264	1.25755392538849	2.9783659724053	0.744010013178922	1.51843311428092	4.92277810757514	5.10235048853792	4.94605339097325	2.23892612522468	1.27011969243176	2.49011956108734
Cell_265	4.08954724739306	2.42731771001127	4.26521995780058	1.73017563589383	5.33455562591553	5.23384925338905	1.34357966680545	2.65203100407962	4.42732102226	2.01923637988511
Cell_266	4.47344221186358	1.76973133010324	0.598022721707821	2.0789741211338	0.615406239870936	0.189353408291936	5.28717571811285	4.15070791030303	2.71631882688962	2.25630615255795
Cell_267	3.12102626869455	0.728726126719266	4.57551860576496	3.33545187721029	3.31622259237338	0.822222082642838	2.35985988972243	0.892404696671292	3.1405553346267	2.53100836300291
Cell_268	1.16579162876587	2.18899728672113	3.50603436736856	5.30405254731886	3.77039183781017	1.60092028626241	1.88770186540205	1.09370215213858	3.72023946070112	1.40897062770091
Cell_269	5.22493634396233	5.10311341029592	1.94634124508593	2.59318571153563	3.76797091914341	3.4476509259548	5.07872755255084	5.43620367348194	2.88133598666172	1.89399512344971
Cell_270	2.52805843122769	4.00680232257582	0.707612555706874	1.54385869763792	3.7796218493022	2.00069841509685	4.64599327137694	0.325021557044238	4.12702383485157	0.154470157809556
Cell_271	2.37265910569113	1.38848651887383	0.621871939278208	0.964798921719193	0.705623018322513	5.24436110502575	2.59718132100534	2.18541868159082	2.91528944834135	1.80398963880725
Cell_272	3.97283978294581	1.38078427431174	4.82199358323123	4.72134525375441	4.15007528639399	3.03667492954992	2.97007477004081	1.35210527852178	3.69628727517556	3.45055250986479
Cell_273	4.16363341594115	2.75441735191271	3.06191721616779	4.53082128416281	3.07380540110171	3.01982458122075	4.55940867832396	0.489897837629542	3.40438015130349	0.934648201800883
Cell_274	4.29097187740263	3.25235147296917	4.3565736314049	5.10981871176045	3.09380166581832	1.94137434486765	1.15504582109861	4.7066144333221	3.52904442965519	1.71122236351948
Cell_275	2.25652857066598	1.3788042323431	1.63864651159383	4.06231236411259	5.37816462304909	1.60203755670227	1.37215599173214	0.910533147165552	5.41665717517026	1.42320793110412
Cell_276	0.707390799652785	3.54220563033596	4.42050062329508	0.955295183579437	1.53677790914662	5.19527124380693	3.43374711589422	5.49262909742538	4.6799601278035	2.53014620102476
Cell_277	4.61961840384174	0.0788389077642933	3.54323042067699	0.389669841970317	3.99405912251677	1.26428511738777	3.34642201999668	2.93936576833948	4.63968418934382	5.04059114318807
Cell_278	2.62159124703612	2.02050259965472	0.398545885109343	5.39308741351124	1.20714908675291	0.913750036503188	1.49182127753738	2.91454511787742	2.26101266581099	5.40939975017682
Cell_279	3.94689769763499	2.19066284154542	1.63194565626327	4.05831972172018	2.65564167976845	3.78314144839533	0.0837665572762489	2.33005254017189	4.64266261761077	4.15603439160623
Cell_280	2.7860845864052	1.88421760359779	1.50121592148207	2.0810562641127	3.05042463343125	3.56786980538163	4.95400461007375	3.82206482859328	5.07751213165466	0.239707957720384
Cell_281	3.49922619143035	4.68826401932165	4.30453137203585	0.256685761036351	4.95092861144803	0.954877102281898	0.256973337032832	5.05819085845724	0.482966569601558	0.846151805715635
Cell_282	2.3439932113979	3.87102274259087	0.462945719249547	1.53066895308439	1.11458692525048	4.06788093049545	4.75304550130386	3.447868013056	2.8958659588825	2.39912893762812
Cell_283	5.49000286904629	5.04727036203258	1.17666032619309	1.85625066922512	3.92745856347028	5.17831245565321	3.79415573237929	4.22330397728365	3.55275463254657	2.19182942539919
Cell_284	2.98706919001415	3.54880713787861	1.61008395534009	2.47905296459794	1.5897336070193	2.27060674165841	2.80074082780629	0.797620765399188	4.50967755960301	0.722653059870936
Cell_285	1.50294843211304	3.23106164450292	0.544261685805395	4.27549793280195	1.76497495023068	0.227623987942934	3.43763286154717	5.28531878616195	5.42129082023166	1.10803130432032
Cell_286	5.44572371966206	2.06528722145595	5.30241017590743	2.13789052492939	1.80763680429664	2.76272132282611	4.83686735609081	1.85831213230267	1.66371162387077	5.49788303067908
Cell_287	3.22514719015453	1.80754522187635	3.93945846520364	1.08091198210604	2.96370197844226	1.39172660827171	1.64574813749641	4.44467709655873	2.56071613810491	0.961291293380782
Cell_288	2.04527008603327	5.44666585954838	4.85903440089896	5.46580802858807	1.35398441681173	3.01590883568861	4.01295594999101	5.34283875557594	1.73444491054397	1.44364398275502
Cell_289	4.83926237141714	1.31728212384041	3.4738306181971	4.22253884526435	4.35387060092762	0.893031940911897	3.53052325965837	0.558183322660625	2.15198758174665	1.11350410722662
Cell_290	0.560565945925191	1.26938182627782	3.98460448009428	0.611447786097415	0.0271109434543177	4.7910294564208	1.94006217829883	0.0537300320575014	4.98512335016858	2.75898229447193
Cell_291	2.0340394154191	1.02757207397372	2.92180765874218	5.22029370034579	5.37998167297337	2.37668639642652	1.53880562155973	3.58328116603661	3.99242101155687	4.65907879429869
Cell_292	0.434709788649343	1.8940612123115	2.08793272892945	4.85872891615145	4.46954853693023	3.71676557406317	0.734150745673105	2.71835989051033	5.07394895225298	3.71836608881131
Cell_293	5.39750335167628	3.74243352294434	3.10969399136957	3.13201935286634	4.06110765773337	5.19935085857287	2.7485356903635	3.40426707966253	4.78785763157066	4.02773894974962
Cell_294	0.274345496552996	1.04510066646617	1.46302474860568	3.06264559586998	1.79166872159112	2.98739711160306	3.52095232880674	1.18483678321354	1.06859606166836	0.395001866854727
Cell_295	4.46119249041658	2.3892427115934	2.62465705233626	0.168007845641114	1.15200755314436	5.27322521212045	2.0338335755514	3.98317590728402	2.38718559604604	0.388324928702787
Cell_296	1.51211656525265	2.76606805284973	1.03116860962473	3.26464853063226	1.5595736016985	2.99630548141431	3.98326100874692	1.01115030632354	2.61308052064851	4.35331739403773
Cell_297	4.90696234849747	3.92160894430708	4.37391657219268	5.39020561310463	4.7208472636994	4.99777349643409	1.50108051544521	0.955081805004738	4.03393545444123	5.01975074561778
Cell_298	4.24182348907925	4.1250811573118	3.32784194243141	1.35068796575069	5.1840604476165	2.13035480421968	3.69851238082629	2.1687629041262	3.04142082028557	3.58137826039456
Cell_299	2.96341711212881	2.33475974365138	1.6504523572512	2.26672376715578	1.55090217420366	4.80724647268653	3.51521682878956	3.66324831615202	3.38689971843269	3.3815549032297
Cell_300	2.25756181532051	0.0648653451353312	2.58934037294239	1.64725806482602	3.16438486345578	4.91900306707248	0.114762880140916	3.12740567314904	3.91229013947304	5.33139631093945
